{
 "cells": [
  {
   "cell_type": "code",
   "execution_count": 1,
   "metadata": {
    "collapsed": true
   },
   "outputs": [],
   "source": [
    "import numpy as np\n",
    "import pandas as pd\n",
    "from sklearn import tree"
   ]
  },
  {
   "cell_type": "markdown",
   "source": [
    "Шаг № 1 блока «4.4 Задача классификации. Деревья решений»\n",
    "\n",
    "Для данного датасета обучите дерево решений (для обучения используйте массивы с ключами x, y), затем предскажите классы для данных доступных в файле по ключу x_test.\n",
    "\n",
    "В качестве ответа запишите метку класса - 1 или 0"
   ],
   "metadata": {
    "collapsed": false
   }
  },
  {
   "cell_type": "code",
   "execution_count": 2,
   "outputs": [
    {
     "name": "stdout",
     "output_type": "stream",
     "text": [
      "['x', 'y', 'x_test']\n"
     ]
    }
   ],
   "source": [
    "train_data = np.load('train_data.npz')\n",
    "print(train_data.files)"
   ],
   "metadata": {
    "collapsed": false
   }
  },
  {
   "cell_type": "markdown",
   "source": [
    "Первый вариант:"
   ],
   "metadata": {
    "collapsed": false
   }
  },
  {
   "cell_type": "code",
   "execution_count": 3,
   "outputs": [
    {
     "name": "stdout",
     "output_type": "stream",
     "text": [
      "[1 1 0 1 1 0 1 1 1 1]\n"
     ]
    }
   ],
   "source": [
    "x = train_data['x']\n",
    "y = train_data['y']\n",
    "x_test = train_data['x_test']\n",
    "\n",
    "tree_clf = tree.DecisionTreeClassifier()\n",
    "tree_clf.fit(x, y)\n",
    "\n",
    "y_pred = tree_clf.predict(x_test)\n",
    "\n",
    "print(y_pred)"
   ],
   "metadata": {
    "collapsed": false
   }
  },
  {
   "cell_type": "markdown",
   "source": [
    "Второй вариант:"
   ],
   "metadata": {
    "collapsed": false
   }
  },
  {
   "cell_type": "code",
   "execution_count": 4,
   "outputs": [],
   "source": [
    "# Создаем объекты `DataFrame` для дальнейшей работы с данными (чтобы рассчитать корреляцию входных данных друг с другом)\n",
    "x = pd.DataFrame(train_data[\"x\"])\n",
    "y = pd.DataFrame(train_data[\"y\"])\n",
    "x_test = pd.DataFrame(train_data[\"x_test\"])"
   ],
   "metadata": {
    "collapsed": false
   }
  },
  {
   "cell_type": "code",
   "execution_count": 5,
   "outputs": [
    {
     "name": "stdout",
     "output_type": "stream",
     "text": [
      "          0         1         2         3         4         5         6   \\\n",
      "0   1.000000  0.322627  0.997829  0.987199  0.171614  0.505969  0.676417   \n",
      "1   0.322627  1.000000  0.328476  0.320141 -0.026114  0.234023  0.301501   \n",
      "2   0.997829  0.328476  1.000000  0.986302  0.208552  0.557113  0.716045   \n",
      "3   0.987199  0.320141  0.986302  1.000000  0.177417  0.497818  0.685142   \n",
      "4   0.171614 -0.026114  0.208552  0.177417  1.000000  0.661211  0.524459   \n",
      "5   0.505969  0.234023  0.557113  0.497818  0.661211  1.000000  0.883378   \n",
      "6   0.676417  0.301501  0.716045  0.685142  0.524459  0.883378  1.000000   \n",
      "7   0.821267  0.289397  0.850066  0.821684  0.556422  0.832620  0.922518   \n",
      "8   0.148196  0.068177  0.183886  0.151497  0.558328  0.606053  0.504099   \n",
      "9  -0.306803 -0.072682 -0.256174 -0.278594  0.590406  0.570369  0.342093   \n",
      "10  0.675832  0.270477  0.688606  0.729932  0.302048  0.495168  0.629259   \n",
      "11 -0.099063  0.381449 -0.088485 -0.068050  0.063734  0.042582  0.073098   \n",
      "12  0.671440  0.276250  0.690539  0.724513  0.297708  0.546672  0.657805   \n",
      "13  0.733605  0.256683  0.742759  0.798452  0.246385  0.453499  0.615038   \n",
      "14 -0.228858  0.004429 -0.208896 -0.173045  0.329672  0.133516  0.094134   \n",
      "15  0.214552  0.192102  0.259793  0.220356  0.327875  0.745187  0.677162   \n",
      "16  0.198026  0.144184  0.232033  0.210846  0.254240  0.571373  0.693959   \n",
      "17  0.373446  0.157870  0.404727  0.368779  0.384261  0.640949  0.680941   \n",
      "18 -0.106408 -0.001112 -0.083372 -0.074587  0.197623  0.230603  0.179260   \n",
      "19 -0.035609  0.058903  0.002040 -0.013636  0.293914  0.515341  0.456174   \n",
      "20  0.969276  0.350236  0.969214  0.962428  0.214690  0.534895  0.687593   \n",
      "21  0.297877  0.911152  0.304026  0.288347  0.034208  0.246982  0.300150   \n",
      "22  0.965073  0.355993  0.970362  0.958998  0.241128  0.590031  0.729152   \n",
      "23  0.940701  0.341503  0.941142  0.959030  0.207303  0.508608  0.674828   \n",
      "24  0.120767  0.075502  0.151847  0.124006  0.804387  0.567391  0.450257   \n",
      "25  0.419266  0.277592  0.461848  0.395694  0.478543  0.868722  0.759507   \n",
      "26  0.530766  0.301611  0.567882  0.515872  0.440566  0.817617  0.886676   \n",
      "27  0.744094  0.290986  0.771300  0.721273  0.505658  0.815422  0.861044   \n",
      "28  0.166349  0.099576  0.191815  0.145663  0.394608  0.513471  0.413799   \n",
      "29  0.016050  0.125577  0.060320  0.012111  0.509062  0.693617  0.522324   \n",
      "\n",
      "          7         8         9   ...        20        21        22        23  \\\n",
      "0   0.821267  0.148196 -0.306803  ...  0.969276  0.297877  0.965073  0.940701   \n",
      "1   0.289397  0.068177 -0.072682  ...  0.350236  0.911152  0.355993  0.341503   \n",
      "2   0.850066  0.183886 -0.256174  ...  0.969214  0.304026  0.970362  0.941142   \n",
      "3   0.821684  0.151497 -0.278594  ...  0.962428  0.288347  0.958998  0.959030   \n",
      "4   0.556422  0.558328  0.590406  ...  0.214690  0.034208  0.241128  0.207303   \n",
      "5   0.832620  0.606053  0.570369  ...  0.534895  0.246982  0.590031  0.508608   \n",
      "6   0.922518  0.504099  0.342093  ...  0.687593  0.300150  0.729152  0.674828   \n",
      "7   1.000000  0.466011  0.175314  ...  0.829060  0.290557  0.855462  0.808137   \n",
      "8   0.466011  1.000000  0.489212  ...  0.186274  0.087125  0.220413  0.177253   \n",
      "9   0.175314  0.489212  1.000000  ... -0.248255 -0.047537 -0.199243 -0.227100   \n",
      "10  0.693720  0.304236  0.005609  ...  0.712283  0.189835  0.717397  0.749529   \n",
      "11  0.016267  0.125293  0.163155  ... -0.114849  0.403830 -0.104350 -0.085970   \n",
      "12  0.707186  0.315566  0.045539  ...  0.694555  0.195560  0.718604  0.728866   \n",
      "13  0.687121  0.223829 -0.085892  ...  0.755218  0.193971  0.759344  0.809775   \n",
      "14  0.022169  0.186570  0.405297  ... -0.236027 -0.078256 -0.221872 -0.186979   \n",
      "15  0.500642  0.435906  0.558194  ...  0.211344  0.143298  0.266955  0.205517   \n",
      "16  0.443641  0.351146  0.443077  ...  0.189806  0.101372  0.229175  0.190972   \n",
      "17  0.612572  0.399992  0.342944  ...  0.354623  0.080940  0.392145  0.338759   \n",
      "18  0.092831  0.454768  0.347926  ... -0.130998 -0.088847 -0.105135 -0.112990   \n",
      "19  0.268246  0.350070  0.687676  ... -0.031467 -0.000182  0.005060 -0.017342   \n",
      "20  0.829060  0.186274 -0.248255  ...  1.000000  0.359735  0.993789  0.983925   \n",
      "21  0.290557  0.087125 -0.047537  ...  0.359735  1.000000  0.365255  0.345561   \n",
      "22  0.855462  0.220413 -0.199243  ...  0.993789  0.365255  1.000000  0.977564   \n",
      "23  0.808137  0.177253 -0.227100  ...  0.983925  0.345561  0.977564  1.000000   \n",
      "24  0.454712  0.425620  0.510976  ...  0.218561  0.224464  0.238934  0.210104   \n",
      "25  0.675575  0.479416  0.462301  ...  0.480939  0.362883  0.533514  0.442547   \n",
      "26  0.758296  0.438908  0.349435  ...  0.577359  0.371094  0.620647  0.545952   \n",
      "27  0.910165  0.433455  0.180877  ...  0.787083  0.357800  0.816012  0.746426   \n",
      "28  0.379125  0.700633  0.341005  ...  0.245821  0.228497  0.272064  0.210722   \n",
      "29  0.381974  0.449951  0.767449  ...  0.103022  0.228077  0.147288  0.088024   \n",
      "\n",
      "          24        25        26        27        28        29  \n",
      "0   0.120767  0.419266  0.530766  0.744094  0.166349  0.016050  \n",
      "1   0.075502  0.277592  0.301611  0.290986  0.099576  0.125577  \n",
      "2   0.151847  0.461848  0.567882  0.771300  0.191815  0.060320  \n",
      "3   0.124006  0.395694  0.515872  0.721273  0.145663  0.012111  \n",
      "4   0.804387  0.478543  0.440566  0.505658  0.394608  0.509062  \n",
      "5   0.567391  0.868722  0.817617  0.815422  0.513471  0.693617  \n",
      "6   0.450257  0.759507  0.886676  0.861044  0.413799  0.522324  \n",
      "7   0.454712  0.675575  0.758296  0.910165  0.379125  0.381974  \n",
      "8   0.425620  0.479416  0.438908  0.433455  0.700633  0.449951  \n",
      "9   0.510976  0.462301  0.349435  0.180877  0.341005  0.767449  \n",
      "10  0.140966  0.289953  0.381439  0.526811  0.094135  0.056807  \n",
      "11 -0.080669 -0.092538 -0.069364 -0.125204 -0.136258 -0.043909  \n",
      "12  0.129338  0.342692  0.417638  0.550408  0.109611  0.090157  \n",
      "13  0.124447  0.285608  0.385723  0.534840  0.074106  0.023386  \n",
      "14  0.312311 -0.052117 -0.058414 -0.105517 -0.111141  0.106396  \n",
      "15  0.234045  0.681201  0.640448  0.488335  0.286387  0.586231  \n",
      "16  0.172689  0.484704  0.663194  0.442268  0.203891  0.433767  \n",
      "17  0.216758  0.454848  0.549660  0.599760  0.145154  0.312679  \n",
      "18 -0.017727  0.065373  0.041526 -0.032352  0.390247  0.083861  \n",
      "19  0.178049  0.393455  0.381551  0.220733  0.121664  0.588507  \n",
      "20  0.218561  0.480939  0.577359  0.787083  0.245821  0.103022  \n",
      "21  0.224464  0.362883  0.371094  0.357800  0.228497  0.228077  \n",
      "22  0.238934  0.533514  0.620647  0.816012  0.272064  0.147288  \n",
      "23  0.210104  0.442547  0.545952  0.746426  0.210722  0.088024  \n",
      "24  1.000000  0.573983  0.523297  0.550491  0.494130  0.628945  \n",
      "25  0.573983  1.000000  0.892233  0.805261  0.620499  0.812133  \n",
      "26  0.523297  0.892233  1.000000  0.857982  0.538503  0.687959  \n",
      "27  0.550491  0.805261  0.857982  1.000000  0.505963  0.520248  \n",
      "28  0.494130  0.620499  0.538503  0.505963  1.000000  0.549874  \n",
      "29  0.628945  0.812133  0.687959  0.520248  0.549874  1.000000  \n",
      "\n",
      "[30 rows x 30 columns]\n"
     ]
    }
   ],
   "source": [
    "# Выводим коэффициенты корреляции x\n",
    "corr_matrix_1 = x.corr()\n",
    "print(corr_matrix_1)"
   ],
   "metadata": {
    "collapsed": false
   }
  },
  {
   "cell_type": "code",
   "execution_count": 6,
   "outputs": [
    {
     "name": "stdout",
     "output_type": "stream",
     "text": [
      "          0         1         2         3         4         5         6   \\\n",
      "0   1.000000  0.395207  0.999220  0.996201  0.137071  0.534528  0.694270   \n",
      "1   0.395207  1.000000  0.399426  0.381394 -0.011666  0.586623  0.431091   \n",
      "2   0.999220  0.399426  1.000000  0.997815  0.165025  0.563499  0.719409   \n",
      "3   0.996201  0.381394  0.997815  1.000000  0.192819  0.568210  0.741958   \n",
      "4   0.137071 -0.011666  0.165025  0.192819  1.000000  0.630857  0.469384   \n",
      "5   0.534528  0.586623  0.563499  0.568210  0.630857  1.000000  0.861164   \n",
      "6   0.694270  0.431091  0.719409  0.741958  0.469384  0.861164  1.000000   \n",
      "7   0.876601  0.530754  0.890111  0.902416  0.489832  0.804507  0.876377   \n",
      "8   0.171475  0.296968  0.177197  0.199642  0.388429  0.219340  0.233377   \n",
      "9  -0.587359 -0.150280 -0.562296 -0.547101  0.491936  0.253981  0.008933   \n",
      "10  0.863494  0.631586  0.872381  0.885842  0.286984  0.738387  0.858019   \n",
      "11  0.051418  0.647286  0.066064  0.088994  0.212326  0.516184  0.490260   \n",
      "12  0.836990  0.700423  0.849074  0.856605  0.247190  0.780885  0.882449   \n",
      "13  0.938997  0.521504  0.946287  0.958076  0.287959  0.695652  0.850574   \n",
      "14  0.259168  0.142114  0.284226  0.331666  0.528393  0.578704  0.771900   \n",
      "15 -0.105571  0.458389 -0.078192 -0.073804  0.162785  0.627795  0.503719   \n",
      "16  0.024601  0.402120  0.053135  0.070218  0.204691  0.646244  0.663066   \n",
      "17  0.490682  0.616043  0.513861  0.534471  0.398533  0.847528  0.886720   \n",
      "18  0.172483  0.610045  0.187436  0.208301  0.357665  0.606005  0.545674   \n",
      "19 -0.259828  0.125654 -0.232740 -0.212450  0.224505  0.463095  0.411875   \n",
      "20  0.991772  0.501598  0.991494  0.986970  0.113961  0.572740  0.711309   \n",
      "21  0.216689  0.963114  0.219872  0.207148 -0.053551  0.452438  0.312380   \n",
      "22  0.975399  0.516448  0.977844  0.970154  0.103691  0.601493  0.733500   \n",
      "23  0.992087  0.476326  0.993746  0.993730  0.169983  0.598212  0.749006   \n",
      "24  0.027048  0.010841  0.057029  0.087572  0.866966  0.520948  0.450972   \n",
      "25 -0.022374  0.454835  0.001081 -0.023869  0.146151  0.559315  0.300553   \n",
      "26  0.235392  0.439335  0.263442  0.254016  0.182542  0.676564  0.631549   \n",
      "27  0.744217  0.660772  0.764312  0.766050  0.476826  0.885771  0.870942   \n",
      "28  0.005707  0.612506  0.007952 -0.002244  0.189431  0.197037  0.040155   \n",
      "29 -0.503063 -0.007934 -0.475357 -0.487157  0.228846  0.319653  0.045430   \n",
      "\n",
      "          7         8         9   ...        20        21        22        23  \\\n",
      "0   0.876601  0.171475 -0.587359  ...  0.991772  0.216689  0.975399  0.992087   \n",
      "1   0.530754  0.296968 -0.150280  ...  0.501598  0.963114  0.516448  0.476326   \n",
      "2   0.890111  0.177197 -0.562296  ...  0.991494  0.219872  0.977844  0.993746   \n",
      "3   0.902416  0.199642 -0.547101  ...  0.986970  0.207148  0.970154  0.993730   \n",
      "4   0.489832  0.388429  0.491936  ...  0.113961 -0.053551  0.103691  0.169983   \n",
      "5   0.804507  0.219340  0.253981  ...  0.572740  0.452438  0.601493  0.598212   \n",
      "6   0.876377  0.233377  0.008933  ...  0.711309  0.312380  0.733500  0.749006   \n",
      "7   1.000000  0.295436 -0.224935  ...  0.892150  0.389764  0.877566  0.915502   \n",
      "8   0.295436  1.000000 -0.121476  ...  0.183933  0.347428  0.160484  0.206853   \n",
      "9  -0.224935 -0.121476  1.000000  ... -0.585368 -0.089510 -0.585805 -0.551814   \n",
      "10  0.954170  0.284401 -0.285352  ...  0.897631  0.516569  0.873429  0.913093   \n",
      "11  0.392758  0.264868  0.391056  ...  0.132070  0.718716  0.101827  0.150914   \n",
      "12  0.933811  0.251906 -0.298687  ...  0.885654  0.587688  0.893848  0.896248   \n",
      "13  0.965485  0.278431 -0.391044  ...  0.953417  0.380209  0.932911  0.969290   \n",
      "14  0.576719  0.231599  0.380699  ...  0.263130  0.159315  0.241496  0.322294   \n",
      "15  0.194599 -0.207747  0.584292  ... -0.033032  0.441855  0.023282 -0.019422   \n",
      "16  0.317626 -0.050569  0.532270  ...  0.077483  0.391947  0.117858  0.104493   \n",
      "17  0.778657  0.122595  0.224971  ...  0.542882  0.539197  0.542533  0.572994   \n",
      "18  0.532631  0.132320  0.400297  ...  0.236185  0.611418  0.192448  0.259902   \n",
      "19  0.048076 -0.244230  0.767540  ... -0.226030  0.139839 -0.204060 -0.194913   \n",
      "20  0.892150  0.183933 -0.585368  ...  1.000000  0.332085  0.988907  0.997021   \n",
      "21  0.389764  0.347428 -0.089510  ...  0.332085  1.000000  0.346393  0.308092   \n",
      "22  0.877566  0.160484 -0.585805  ...  0.988907  0.346393  1.000000  0.984389   \n",
      "23  0.915502  0.206853 -0.551814  ...  0.997021  0.308092  0.984389  1.000000   \n",
      "24  0.383299  0.464344  0.387230  ...  0.026981  0.060267  0.063539  0.080813   \n",
      "25  0.118484 -0.081307  0.211081  ...  0.046207  0.387784  0.166742  0.034745   \n",
      "26  0.365304  0.050577  0.090682  ...  0.285991  0.356407  0.406982  0.292399   \n",
      "27  0.921761  0.261215 -0.140239  ...  0.786578  0.526506  0.821349  0.802840   \n",
      "28  0.221533  0.431789 -0.056190  ...  0.078574  0.688590  0.096820  0.067281   \n",
      "29 -0.282190 -0.255787  0.735437  ... -0.476658 -0.003399 -0.384723 -0.469317   \n",
      "\n",
      "          24        25        26        27        28        29  \n",
      "0   0.027048 -0.022374  0.235392  0.744217  0.005707 -0.503063  \n",
      "1   0.010841  0.454835  0.439335  0.660772  0.612506 -0.007934  \n",
      "2   0.057029  0.001081  0.263442  0.764312  0.007952 -0.475357  \n",
      "3   0.087572 -0.023869  0.254016  0.766050 -0.002244 -0.487157  \n",
      "4   0.866966  0.146151  0.182542  0.476826  0.189431  0.228846  \n",
      "5   0.520948  0.559315  0.676564  0.885771  0.197037  0.319653  \n",
      "6   0.450972  0.300553  0.631549  0.870942  0.040155  0.045430  \n",
      "7   0.383299  0.118484  0.365304  0.921761  0.221533 -0.282190  \n",
      "8   0.464344 -0.081307  0.050577  0.261215  0.431789 -0.255787  \n",
      "9   0.387230  0.211081  0.090682 -0.140239 -0.056190  0.735437  \n",
      "10  0.215829  0.070699  0.327648  0.851940  0.168888 -0.345136  \n",
      "11  0.233596  0.099725  0.200413  0.402764  0.371758  0.108928  \n",
      "12  0.248246  0.260321  0.507529  0.912620  0.235424 -0.218232  \n",
      "13  0.206320  0.032402  0.316343  0.845742  0.096348 -0.407669  \n",
      "14  0.541886 -0.075160  0.255770  0.490274  0.013610  0.051397  \n",
      "15  0.187252  0.656824  0.672293  0.393828  0.047159  0.708744  \n",
      "16  0.244469  0.462681  0.643082  0.445702  0.011742  0.555044  \n",
      "17  0.329154  0.293739  0.520828  0.799570  0.206679  0.123134  \n",
      "18  0.232755  0.064355  0.155609  0.532574  0.420817  0.053686  \n",
      "19  0.194375  0.360393  0.419976  0.140139 -0.201740  0.678533  \n",
      "20  0.026981  0.046207  0.285991  0.786578  0.078574 -0.476658  \n",
      "21  0.060267  0.387784  0.356407  0.526506  0.688590 -0.003399  \n",
      "22  0.063539  0.166742  0.406982  0.821349  0.096820 -0.384723  \n",
      "23  0.080813  0.034745  0.292399  0.802840  0.067281 -0.469317  \n",
      "24  1.000000  0.263033  0.349051  0.451734  0.317224  0.279178  \n",
      "25  0.263033  1.000000  0.874845  0.452672  0.199101  0.746273  \n",
      "26  0.349051  0.874845  1.000000  0.645925  0.147670  0.594317  \n",
      "27  0.451734  0.452672  0.645925  1.000000  0.399601 -0.005398  \n",
      "28  0.317224  0.199101  0.147670  0.399601  1.000000 -0.082752  \n",
      "29  0.279178  0.746273  0.594317 -0.005398 -0.082752  1.000000  \n",
      "\n",
      "[30 rows x 30 columns]\n"
     ]
    }
   ],
   "source": [
    "# Выводим коэффициенты корреляции x_test\n",
    "corr_matrix_2 = x_test.corr()\n",
    "print(corr_matrix_2)"
   ],
   "metadata": {
    "collapsed": false
   }
  },
  {
   "cell_type": "code",
   "execution_count": 7,
   "outputs": [
    {
     "name": "stdout",
     "output_type": "stream",
     "text": [
      "[1 1 0 1 1 1 1 1 0 1]\n"
     ]
    }
   ],
   "source": [
    "# Входные данные для обучения модели (x) заменяем на те, которые имеют сильную корреляцию друг с другом (коэффициент корреляции больше 0.9).\n",
    "\n",
    "correlation = 0.9\n",
    "\n",
    "df = x[x.corr() > correlation].fillna(0)\n",
    "\n",
    "# Данные x_test также преобразовываем, чтобы оставить только те, которые имеют максимальную корреляцию друг с другом (коэффициент корреляции больше 0.9).\n",
    "\n",
    "df_test = x_test[x_test.corr() > correlation].fillna(0)\n",
    "\n",
    "tree_clf = tree.DecisionTreeClassifier().fit(df, y)\n",
    "y_pred = tree_clf.predict(df_test)\n",
    "\n",
    "print(y_pred)"
   ],
   "metadata": {
    "collapsed": false
   }
  },
  {
   "cell_type": "code",
   "execution_count": 8,
   "outputs": [
    {
     "name": "stdout",
     "output_type": "stream",
     "text": [
      "[1 1 0 1 1 1 0 1 0 1]\n"
     ]
    }
   ],
   "source": [
    "# Увеличиваем коэффициент корреляции до 0.95\n",
    "\n",
    "correlation = 0.95\n",
    "\n",
    "df = x[x.corr() > correlation].fillna(0)\n",
    "df_test = x_test[x_test.corr() > correlation].fillna(0)\n",
    "\n",
    "tree_clf = tree.DecisionTreeClassifier().fit(df, y)\n",
    "\n",
    "y_pred = tree_clf.predict(df_test)\n",
    "\n",
    "print(y_pred)"
   ],
   "metadata": {
    "collapsed": false
   }
  }
 ],
 "metadata": {
  "kernelspec": {
   "display_name": "Python 3",
   "language": "python",
   "name": "python3"
  },
  "language_info": {
   "codemirror_mode": {
    "name": "ipython",
    "version": 2
   },
   "file_extension": ".py",
   "mimetype": "text/x-python",
   "name": "python",
   "nbconvert_exporter": "python",
   "pygments_lexer": "ipython2",
   "version": "2.7.6"
  }
 },
 "nbformat": 4,
 "nbformat_minor": 0
}
